495

422. 423. 425. 77100100 176. 236.
71001 168. 17101110 1Β610000) 110.
70301, 1101101100 220. 17101οο5003 2. 4. 26. 110180132.
703100, 1111100 452. 159. 210.
70115, David 241. 1701130003, 0110103001 von 2001100-
70100001401010100 12. 47. 49. 52. 01000 32. 80. 82. 186. 187. 271.
70100, 01000001 268. 269. 288. 315. 316. 325. 401.
waldburg, 0110 von, 94. 112. 209. Wolowitz, 2001000100, 10500000,
770160050011(1700110101)003) 388. 5000011 226.
7701000000, 1000500000 29. 140. worm 151. religionsgospraoh von
284. 285. 5001010050, 0. 8010000. 1540 5. 454. von 1557 141. 150.
77000εά0011, 1111001000 von, 159. 160. 151. 152. 103176. 181, 441.
195. 1700100503, confession 12. 46.
7700001100 199. 329. 49. 50. 59. 94.115.132.199.211.
1701301, (10003 367. 869. 373. 875. 223. 224.
376. 377. 881. 394. · 2010000 (21006) 37. 264.
77011000 31, 217. 221. 2050100011, (10003 226.
7710600150100 95. 96. 160161198. zanobi, Hieronymus 264. 895. 396.
370. 462.
77100 22. 29121. 147. 154. 156. 2011452.
157. 158. 159. 163. 1641751711. 2103100, Ambrosius 114. 175.
199. 221. 222. 288. 2100500000 17700110οΜ031 102.
7710010100οΗ,10100000 und 90100 21101010 38. 43. 43. 51. 60. 89. 104.
226. · 118. 147. 152. 158164. 195. 196.

77116506 18. 29. 33. 38. 151. 169. ’.213 263. 284. 286. 296. 827. 329.
174. 200. 223. 265. 266. 267 271. 330. 338. 839. 343. 890. 410434.

355. 356. 357. 358. 462. 464.
Wilhelm von Brandenburgl32. 133. 2003110100),20103500000003·
171100 27. 133. 136. 137. 164. 221. 110010 129158161162163. 198.
329. 381. 459. 233. 263. 298. 461. 462,

 

