492

1001ομ. 8100100600.

1111011110 271. ,

Riepp, Ludwig 366. 367. 968. 386.
410. 444. 445. 446. 447. 449. 451.
477. 479.

wwmmmwmn

111ςο 218.

11100 (0101110100) 7.

111001, (1100003010 269. 300. 802.
303324.

11101110, 8100101000. 226.

11011010 27. 32. 39.

Rom 1. 2. 3. 7. 8. 9. 31. 35. 41.
55. 72. 77. 92. 04. 98. 102. 105.
106. 129. 135. 197. 210. 214. 291.
270. 296. 297. 298. 909. 810. 318.
320. 321. 322. 334. 336. 341. 342.
385. 407. 455.

8011000015 0. 6. 11001101 (110γο111)

1101100011 (770111001010) 47.

’ 110000 255.

1100010, 0010010000 89.

1100111060 (Tyrol) 104.

Ruoker, Μ101001237. 242.

1111010116, 110010νί101 164. 218. 219.
328. 329.

11000011, 1101110000 242. 243. 244.

’ 247. 248. 381.

801100, herzogin von wnrttemberg
20. 66. 75.

Sabinus, Georg 136.

8116010168.

8ain1·11ndr6 348.

8010001, Antonius 180.

80101οο 55. 10101 von, 51. 55.

80101011, 11101001 195. 196. 200. 201.

8011010000, 1101011101 278.

80100, s. Gallioius.

8011110011, 0. 1110010601.

8000001010, Hieronymus 377.

8000000 329.

8001101100, Ρο01 2033. 131. 174.

175. 179. 290. 233. 235236. 237.

238. 2393244. 245. 246. 253. 254.
255. 257. 258. 261. 262. 356. 357.
358. 381.Ι 387. 388. 389. 472. 473.
474. 475.

80011301 239.

801101111ου0011 89. 140. 432. 433. 434.

8010001, 11011011 von, 2.

¹ Sehmalkalden, 1006 von, 4. 280.

111ος von, 21. 50. 51. 83136.
452. ’

8011110110 (8001000) 68.

8011110111, 111051101 176. 201. 262.
354. 438. 444. 445. 446. 450.

8010001, 1111016176.

8010011001, 0111110106οΙ.

80100600 329. 375.

8010010 17. 24. 23. 82. 38. 39. 43.
70. 89. 104. 118. 143. 147158.
160. 162. 168. 173. 177187. 210.
283. 269. 276. 284. 285. 286. 300.
826. 329. 330. 334. 335. 347. 386.

-mmmmmmm

431. 492. 434. 447.
8010100011οΙ6 198.
80100110 32.

806011 451.

8011001160 256. 270.
801001011101001 372.
Sesea, 0. 0016010.

81011100 49. 51. 55. 404.
810111οω, Franz von, 452.
81000 51. 70. 80. 105. 453.

81000101000011. 00110011 von, 50. 53.

8181001006, kaiser 1.

81310100116111403001, konig von
Polen 24. 25. 26. 3233. 54. 129.
130. 133. 184. 195130137138.
130. 143. 160. 161. 164171. 185.
186. 200. 201. 215. 218. 219. 221.
225. 226. 227. 228. 229. 230. 233.
234. 236. 242. 243. 258. 259. 270.
329. 398.

8131010006 August von Meklenburg
132. 133.

811160111ος00 (770111001οῃ) 100.

 

