487

417. 418. 419. 420. 422. 433. 424. Herbrot 883.
431. 433. 434. 460. 466. 467. 469. Herknlen 11, herzog 1118111111

470. 471. 1111111111 11. 50. 56. 17. 58. 61. 63. 6366. 67.
1111111111, 53. 68. 72. 73. 153. 171.

Gran 82. 435. 456. 457. Herrenaln (Niedernnlreieh) 175.

3111111(81111111) 30. 91. 111111111130111111111111)48439.

(11111111, Matthaei 11. 34. 43. 118. 430.

119. 133. 139. 141.167.177.183. Headin (Belgien) 54.

183. 282. 372. Hilnbaeh (Beden) 231. 234.
(1111111, (11111111 297. Η11111(11311111111ς), 111 111,
finningen, 8111111111 111, 65. 68. 13. 64.

74. 83. 118. 121. 129. 357. Η1111111111175.

Gaiae 279. 397. 347. 459. 11111111, Holngerlingen (Wilrilemberg) 479.
11. 33. 37. 50. 331. 347. 378. Η11111163.

Harl, cardinal 111 1111111811 Hosius, 8111111111, 11111111 111

173. 206. 381. 383. 885. Ermland 31. 199. 209. 210. 311.
Gundelaheim (Badan) 48. 316. 219.

Gunaenhaneen (Bayern) 131. Η111111, Franz 266.

(111111, Μ11111 111, 165. 181. 111111 168.

(luendo, Julius 1113111182. 84. 111133. 133. 217. ,

457. 8111111184. 2111111111 111111111111111331.

108. 105. 117. 118. 121. 133. 111113110111111111113) 421430.

456. 11111111, Jeauitenorden 5. 39. 94.
Hell, (Wilrttemberg) 181. 100. 165. 178. 369. 303. 310.
Hannibal, 11111111 153. lllyrien 210.

Hedwig, prinnenain 111 111111111- lngolaiadt 169.
berg 387. 1111111111, inquisitorem 6. 8. 15.

1111111111, Wolf 111 360. 16. 128. 173. 173. 404. 405. 406.

Heidelberg 30. 31. 143. 184. 315. 408.

316. 317. 229. 238. 239. 244. 348. 1111111111 348.

277. 285. 367. 368. 370. 395. Interim, inleriminlineher 111111 131.
Η11111111 48.· 132. 181. 310. 320.

Heinrich II, lr6nig von 1111111111 1111111, 111113 111 8111111111 215.
10. 29. 37. 47. 51. 54. 55. 68. 111111 Friedrich, 1111111111 111
73. 7380. 89. 98. 105153165. 8111111 58. 62. 63. 65. 66. 136.
171. 173. 177. 196. 205206. 307. 139. 315.

308. 338. 347. 416. 417. 418. 421. 111111111111111111111111111-

459. 468. 472. 473. neg von Saehsen 11. 50. 57. 58.
Heinrich IV, k6nig von 111111- 61. 62. 65. 66. 67. 143. 339. 330.

11111 355. 417. 231. 234. 336. 458.

Η1111111 VIII, k6nig 111 England Johann wilhelm, herzog 1118111·
53. 68. 98. 111 32. 315. 317. 230. 236. 458.

Η1111111111, Georg, grainan, 355. 1111111111111, herzog 11111111·
356. 405. lenbnrg 133. 217. 248. .

Η11111133. 33. Iohanne d'Albral, khnigin von .

 

