484

11161111 151.

Β11111111, Heinrich 12. 15. 35. 60.
64. 168. 263, 296. 297. 327. 344.
346. 391. 412. 415. 416. 423. 431.
432. 453. 478.

1111111111 173. 452 454.

01111114.

011111, 11111111111 45. 47. 130.
140. 168.Ι 172. 173. 177. 278. 282.
286. 330.

011111111216.

01111111 316.

0111111111 (Wiirttcmbcrg) 75.

0111111111 68. 79. 452.

0111111452. .

Ocpcdictric, Justinopolis (1111111)
1. 4. 6. 7. 46. 32. 402.

0111111, 1. Paul IV.

0111111 151. 291.

011111-0111116111, 1111111 von 177.

’ 265.

01111ὴὶ1111 111 31111, 1. 31111.

01111, 1111111 111, 284.

01111, wilhelm, 1111136. 194. 202.
264. 365.

011111117161111 dc, 1111 (11111-

· 111111 400. 401. ,

0111111111 278.

011111111, odet, cardinal 111271.
292.

0111111111 9. 59. 342. 344. 391.
395. 410. 424.

011111101111111111) 118.

0111111111, Hippolyt, 38. 336. 368.
372. 374. 377.

0111 (0111111111) 12. 18. 36. 37.
3854. 59. 268269. 300. 302.
366. 323. 324. 326. 327. 329. 334.
335. 337. 338. 341, 342. 343. 344.
345. 346. 347. 350. 352. 390. 404.

405. 406. 410. 411. 412. 419. 436.
466. · ’

0111111111, papst 3. 78. 299. 307.
coburg 134.

01111111, 3111111111 147.

011111111111111111 216.

0111251. 252.

011111111111111111135. 281. 286.
287. 323. 336. 335. 338. 341. 342.
343. 344. 346. 341348. 356. 469.
470.

Goligny, 0111111205. 286. 383.

0111111,11111111111111 143. 144.

0111111, 71111111 5. 6. 147.

0111111111 11. 13.

0111111111, Joh. 31111 261. 264.
265. 288.

0111169. 76. 269.

01111, ¹Ludwig 111 Β111111 205.
254. 286. 383. 384.

01111111111131111111, 1. Auga-
11113. der 1011111111 111111
1. 31111111. der 111111111111-11-
1111111111 111111 291. 294. 295.
1111111111 1.(11111111111. wfiri-¹
icmbcrgische 1. Wiirticmbcrg.

0111111611111 62.

01111111 166. 175. 469.

011111111, 0111116. 68. 32. 454. ,

0111111112. -

0111111111111111111,268.336404.

Cornelius, Alcysiuc 407. 11111-
11111467.

011111162.

0111111 (Neapoli 282.

0111111 111 Medici, heriog von
1111111 70. 318. 330. 453.

0111111111, 11111111 111 54.

01111111 68. 98. .

01111, Berncrdino dclln, 268.

Croix, 1111111111 de 11, 281. 336.
399. 400. 461. 402. 411. 412. 469.
471.

01111199.

Curio (0111111). 0111111 Secundus
6. 11. 15. 55. 147. 158. 159. 368.
371. 372. 461. 462. 463. 464.

1111111111 133.

1111111111 212.

01111111, 1111111111 365.

 

