494

111. 115. 142. 212. 306. 443.
7151151551, 1511551151, 423.
’1111115355 12. 13. 16. 17. 21. 24. 27.

29. 30. 31. 32. 37. 33. 3947. 49.

51. 52. 56. 58. 50. 62. 636466.

72. 75. 79. 82. 83. 100.162.111.

118. 127. 135. 139143145. 146.

147. 148. 149. 150152155159.

164. 174. 175. 176173181195.

200. 201. 204. 209. 210. 211. 220.

222. 225. 226. 228. 231. 233. 235.

238. 242. 244. 245. 247. 248. 249.

250. 268. 273. 274. 277. 285. 289.

294 299. 300. 311. 312. 333. 334.

341. 344.’ 345. 346. 347. 350. 351.
. 353. 354. 356. 360. 366367. 372.

374. 384. 385. 392. 394. 308. 401.

409. 414. 419. 426. 427. 428. 429.

430. 431. 437. 438. 451. 452. 458.

460. 467. 469. 471. 472.

11111153 49. 76. 79. 198. 230231.

232.

Ulm 21. 46. 47. 83. 88. 92. 95. 96.

110. 270. 340. 344. 452.

11111511, herzog von Wiirttemberg

47. 48. 66. 95. 122. 140.
1153556, Hans, freiherr von, 22.

23. 24, 39. 83. 109. 110. 112.

113. 114. 118. 113156186215.

253. 254. 273. 357. 426427. 431.

445. 457. 474.

1153556, Κ511282. ³
Unguud, 1156513186. 273. 440, 474.
Π15511(77111115515513) 23. 83. 84.

110. 210. 245, 273. 426. 427.

Ursino, 315115 143. 144.
vades, Juuu 147. 284. 365. 468.
Valentinus 382. 383.
7511565116180.
7515011151, 1111151551 231. 333. 334.
7115551151, 55115511111115511 von, 77.
7511115 9. 37. 38. 48. 54. 55. 263.

263. 269. 303. 344. 390. 391.

7555613 1.. 3. 6. 7. 48. 54. 55. 58.

72. 76. 77. 78; 73. 81. 8286.
88108. 109. 116. 117. 127135.
&mmmmm
211. 213. 222. 230. 231. 232. 245.
250. 251. 252. 255. 281. 283. 285.
289. 296. 298. 305. 306. 307. 310.
319. 320. 321. 322. 330. 334. 339.
349. 376. 377. 380. 383385. 390.
391. 407. 440. 463. die 515535-
111511511 von, l. 80. 82. 283.

7556511115, s. Menucriuo.

7511155551, Adriun 38. 411. 412.
413. 414. 420. 424.

7151351151, 41511151239. 241.

7111351151, Aurelius 2. 3. 18. 39.
40. 56. 58. 127. 128. 138. 178.
170. 180. 221. 222. 223. 239. 246.
277. 278. 285. 290. 292. 293. 338.
340. 353. 354. 356. 358. 361. 362.
363. 364 366. 372. 374380. 385.
387. 389. 400. 412. 416. 418. 419.
420. 421. 423. 425. 434. 435. 436.
438. 460, 461. 473.

7511351151, 0551115. 2. 240.

7513511111, 61555155 2.

751351151, 61515511 35111115 2. 6. 7.

7513511111, Jukobus 235. 237. 239.
240. =

Vergerius, Lueretiu- 2. 240.

751351151, Ludwig 2. 31. 34. 187.
192. 193. 196. 199. 200. 203. 215.

mmmffimmm ’

263. 264. 265. 267. 270271. 272.
273. 281. 282, 283. 284. 379. 380.
391. 417. 418. 435. 436. 444. 448.
mmmmmmm
479.

Vergerius‚ Peter Paul (151 {ltere
1. 252.

751555. 3. 135. 233.

7515151 (35135116) 140.

7155515116. 118. 119. 120.

7155551555 (3155651655) 9.- 467.

7151115νί115 266

villach (1161511155) 39. 419. 421.

 

