39

151515, 655 111515 555155 556 615 51555565 kraft 551155 5155 zu 6551-
15535515551111. 1156 6555555 55115 651 5511315 monn hoino 1555.
Β515555 655 3551551551 655155155 1561 1111151 615 511155 um 51·
1555115 15 51551 15155 5555 11111155 1156111551, 1111 6515511515 51551

115515 5551155555. 1111511113 153 151 1555 5115151 615 ottho 55151515
51, 555 5151515. 1153515 315 herzog christoph, 6515 55555 615
1115155151515515 615 855151115516513515555 prr, 615 5115555155
6511. 11 0515551 (51.5. 223) 51156131 verger 551555 5515551555 oo, 5155
1116551153 15 1115555; 55151 5551155155551111155, 6555 51 615 115155
5153511511, 511515 15 655 1551355 5115155, 1151555 5555 51551 155355
55155 (1515 17 October 1564 515 11 April 1565) 6551165165151·
1151553 wieder trinomen, findet 5155 51551 615 15155515 5551155
dorsolhon. Zum 1511155151 55115 51 655 551651515515 6515556
355551, 5155 1553515 5155115511 15555115 155 55 Τ1515355, 11555 151·
15155 6151115115, 615 11511355 555 6151511551 vorhoodenen brieio
rproohon 1565555515351 155, 1551351 515 jo 155555615655115555155·
311355 35355 herzog Ghristoph, 651 durch 55556115555115515651
511 dom 5151555655 manno 55155 1511155 1535 15 51151551551 515515.
Am 4 October 1565 1115555111 116 12 551 15111535 5551555
151351 551111515515315515555, 5511 notio Aurelius 556 Ρ115155 rProber
5115155 5515511 15615555115 3551511155. Horror christoph 551551,
»1555651651 5511111613 15551 555556515 115551 potter 555155 151-
portos 615 555516 mensohiiohor 51151 berolti« 151156518111551355-
1111555 15 Τ1515355 15 6515555155 1153556 15 5551111155, 5511511-
5555 5511515115151511556155 5511155 ihm 151 »loioht« gehon, 5155
1515115 515551 epitaphium 156 511 615 3155 51151511 mit 5515551
roppon 516 51551 1515551111, wie 55 55551 551 5511515111151515556155
sitio 551, 51155151151655. Dio hoster dovor 1153 51, 51 wolito 551555
115555 615551 655111 55155 556 5555 11551 655551 3155 515555 (1511515
ir orio 5551151151 555, 156551 51 615 1515551565555 1555515115555
651151351155551 hohen 511111115155551315615515 55531155. Die 515-
1135 155551111 655 epitaphs 511555161115.516; 1635115155615
15551155, 6551515 615 horren 651515535115555151161, 655551515116
1515115155 1561515655 1535551555, 1611 15165 551655 515651 55
15155 515115 gereon 511 515151 pfeilor soil stereorationem, 5551 15 ’

*

2119131. 555516515 (1555515155115565 5115511 55115365115151155 br.
¹¹· 5.

 

