491

Petram 1. 98.

P121z184.

Plauser, Johann Sebutian, 166. 173.
178179. 195. 198.

Pforzheim 50.

Pfullingen (wirttemborg) 181. 274.
276. 277. 298. 431.132.

Philibert von Endon 66.

Philibert Emmanuel, herzog von
Savoyen 54. 73. 98. 206. 232.
284. 283. 329. 341. 431. 432469.

Philipp 11, klinig von Spanion 36.
76. 77. 1896. 98. 140150153.
165. 171. 191. 231. 269231. 289.
296. 320. 329. 380. 339. 343. 348.
349. 404. 410. 411. 412. 413. 414.
455. 469. 470.

Philipp von Braunsohweig 66.

Philipp, landgraf von Hesion 96.
136. 139. 387.

Piaoenza 269.

Piali 231.

Piemont 118.

Pinozow (Pelen) 96.

Pius IV, papst (Medici) 35. 72. 92.
216. 230. 231. 232. 248. 256. 261.
262. 269. 279. 281. 283. 285. 288.
289. 296. 297. 298. 303305. 306.
307. 309. 310. 315. 318. 319. 320.
321. 323. 324. 326. 327. 329. 830.
334. 335. 336. 337. 339. 341. 342.
343. 345. 347. 348. 849351. 352.
355. 361. γ375. 376. 377. 382. 384.
385. 392. 405. 408. 411. 412. 413.
425. 426. 439. 465. 466. 469. 470.

Plania, Thomas 465. 478.

Plieninger, Hans Dietrioh 129.

Poissy, religionsgesprlleh von, 18.
34. 75.’ 141. 279. 284. 286. 290.
291. 292. 294. 296. 298. 300. 302,
307. 441.

Pola (istrien) 6. 20.

Pole, Reginald 67. 68. 69. 71. 79.
90. 92. 93. 98. 100. 103. 199.

Polen 13. 16. 18. ,22. 24. 25. 26.
27. 28. 29. 31. 41. 54. 127. 128.
129. 130. 131. 132183134135.
136. 137. 188. 144.154.159.160.
161. 162. 163. 168172173181.
182. 185. 187. 196. 199. 209. 201.
202. 214. 218. 219. 220. 225. 227.
228. 231. 282. 244. 248. 249. 265.

266. 276. 282. 329. 375. 381. 417.

462 ·

ΡοΙ4το5, Jean (1511333378.

Ponte (Graubiindenl 269.

Ponte, 1111013114, Voneziauer 232.
305.

Poniresina (Engadin) 86.

Pontwila (Vinssgau) 327.

Poriugal 135. 206. 267. 268.

Preussen 22. 24. 27. 31. 41. 127.
130. 133. 136. 188169175132.
199. 216. 213. 219. 220. 227. 229.
236. 248. 272. 274. 281. 282. 283.
284. 800. 301. 369. 373. 374. 375.
376. 377. 381. 835. 386. 390. 400.
417. 436. 473. 474,

Pusehlav, Poseiavo (Graubiinden)
9. 303. 824. 826. 462. 463. 464.

Radzivil, Nikolaus, fiirst von, 24.

¹ 25. 26. 27. 29. 32. 33. 135. 136.

137. 138. 139. 168. 137. 211. 215. .
mmmmmmm
238. 247. 258. 259. 329. 381. 894.
398. 438. 458. 459. Nikolaus
Ohn'stoph 135. 394. 395. 401. 426.
427. 428. 429. 430. 431. 432. 438.

Rapperswil (Ziirieh) 329.

Rasoalon 279.

33535533 (Krain) 88.

Regensburg 128. 136. 149. 150152.
religionsgesprlich von, 454.

Reiiata, herzogin von Petram 11.
50. 57. 61. 65. 66. 37. 68. 72. 73.
140. 154. 295. 308. 311.

Baeutlingen (Wiiritemberg) 22. 83.
102. lll. 117. 127. 247. 248. 249.
276. 354. 400.

 

