490

221. 222. 393. 334. 388. 344. 341.
353. 373. 361. 365. 367. 368. 370.
371.Η 388. 389. 393. 396. 397. 405.
408. 435. 436. 439. 440. 455. 456.

Medici, Angelo, 0. Pius IV. 216.

1101000111οο 4..36. 130. 133. 186.
163. 169. 173. 310. 389. ,454.

1100000100 1100100100 340. 379. 380.
391. 415.

11000100 11.

Metzingen (Wflrttemberg) 358. 430.
431. 433.

1110000010, graf von, 70.

1110001003 (1010100) 183. 183..

1106000 93.

1101000011 (00001100) 4. 95.

116100013065311. 133. 140.

1100110, 1010000 220.

Molinaeus, 0. Dumoulin.

1100100393. ,

11οο1010100(Το00000) 70. 105.

11οο1010110, 100001001οο0, 143. 144.

y 11000110001000 de, 54. 55. 303.
0001000000, Anna von, 54. 348.
1100010 Olympia 147.

Motellet 416.

11001000 111. 468.

Moriz, 10010001 von 3001000 13. 50.

51. 54. 57.· 6365. 66.
1100000, 01000001 91. 93. 94. 103.
106. 181. 197. 454. 455.
1100100100, 0. 1100000.

11010, 10100100 72. 74. 75. 76. 77.

¹ 78. 79. 80. 81. 83.

Μο061, christoph 303. 304. 307.
1100100 140. ’
Masculus 172. 173.

Narve. (1100010061 218.

· Naumburg 140. 00030000 000, 69.
1000100103 000, 359. 361. 366.
388. 305. 0001103 000, 63.

Navarra 370.

1100001101. 55. 78.- 105. 147. 330.

384. 404.

110υο1011 (0010000101) 83.

Nidbruek, Kaspar 000 137.

Niger, Franzisous 464.

1100110οι1001001, 1011000, herzog
000. 53. 54. ν

Nostia, graf von 301. 360.

1111001003 83. 131. 330. 383.

11001103000710110011008) 66. 99.

· 101. 103. 403. 403. 407.

0001100 6. 147.

0110000100, Paul 55. 56. 58. 59. 60.

600001 100. 100. 167. 10010.
178. 373.. .

0001001001 der liobe 3. 6.

Oris, dr 72.

0010000 378.

0001010 6. ’

00100600, Andreas, 0000100010
010011 131. 136. 137. 138. 169.
318. 330,

0000100010 169.

0000000101 34.

0011010010οἀ 139.

00100103 34. 101010 168173. 367.
8100101000139. 181. 188. 770001-
367. 868. 394. 393.

0111010001, 1000111001 000 der anlz
39. 30. 133143. 184. 186. 313.

00100090. ’ ³

Pacheoo, Peter 55.

000 1. 2. 3. 0. 8. 89. 118. 222. f

407. 435, .
Ρο111000, herzog von, 143197.
Parin 47. 51. 53. 54. 141. 196. 306.
371. 391. 393.

10000 369.

Ρο0000 175. 00010ος 000, 54.

Ρο01Π1, papst 3. 4. 5. 6. 8. 140.
186Ζ 187. 389. 454.

Ρο01 IV, papst (Garaffa) 6. 36. 92.

117. 130. 143. 167.170.171.173. ,

179. 181. 197. 211. 314. 316.
Ρο010 158.
3000000 336.

 

