488

1110100106.

8001101000 249. 251.

Βο0110003(1101110010013) 175.

80000 (11013011) 38. 232. 389. 390.
420.

80000-80000 18. 33. 34. 189. 265.
266. 267. 299. 857.

80101110 (8000010) Franz 277. 278.
279. 281. 285.

801001 100 Albona 17. 58. 86. 82.
84. 85. 86. 87. 108. 109. 132.

80110300 (010111000013) 415.

80100, Daniel 396.

80101 88. 43. 89. 140. 158. 159.
188. 281. 286. 871. 400. 401. 407.
461. 462. 463. 464. 465.

801001001οἰηο 432. 433. 434.

8010011, 81001100, 100 8100000111-
gon 215.

801010 437.

8010000, 0110001100, s. 1100111011.

8000011001οο (1101110010013) 33.
242. 243. 245. 247. 249. 859. 308.

8001, Cannar 81. 103.

80111, 110013 100 1103010 246.

8013100 150.

801101, 8011000101011 197.

801101, 1000 00 195.196.197.198.
208.

801110110 415. 416. 417. 418. 419.
423424. .

8011100 2.

80130100 (1101100)’8. 9. 135. 281.
289. 395. 407.Ι

801300101 (81100) 827.

8010 43. 89. 140. 158. 177. 282.
263. 282. 889. 343. 431. 432. 434.

80100100, 10000001 Aloysins 55.

8011110300 (110111000013) 102.

Βο1111111,101100,84. 141. 176. 201.
236, 238. 263 284. 292.

8010, ’1000001100 28. 34. 47. 139.
140. 151. 257. 284. 286. 291. 295.

81000111, 8010110100 269. 300. 802.

8100100011011003, 110111000, 1.
810100. ·

8100100000, 80110010184. 292. 386.
441. 412.

81011000 (8001000013) 346.

8101101101 867.

8100000100 (1101110010013) 13. 22.
110.

8110110300 (11111111οω003) 201. 253.
256.

8011111011 166. 249. 370. 0000111000
01111101, 0100013010011100, 010001-
0111131(Ρὶ1101000, 0101000101) 25.
27. 28. 29. 32. 41. 43. 129. 136.
154. 160. 167. 168. 219. 282. 367.
868. 370. 371. 0001011100 154.
160161. 102. 163. 168173.

8010300 140. 289. 296. 298.

8011010 (11011110) 390.

801οο0101, 3010001010 89.

Bouquin‚ Peter 304.

Bourbon, cardinal 100, 34.

80111000, 11011 100, 0000010010 320.
321.

Bourbon, 01101113 100,1. 00000.

8001011100, 0011100, 188. 189. 206.

80111301 47. 277.

810001,Ι 1100110101 199.

810110013οτ, Gebhard 210.

8100010013 (8100000) 199.

Brenn 12. 13. 15. 46. 47. 48. 52.
65. 68. 70. 75. 83. 100. 101. 104.
110. 111.Ι 112. 113. 114.115.117.
118. 120. 121. 124. 126.129.141.’
146. 148. 149181. 199. 200. 203.
220. 259. 284. 300. 316. 362. 365.

367. 368. 369. 312. 373. 374. 375, '

376. 377. 378. 391. 441. 451. 457.
0010000001 100, 12. 13. 46. 48.
49. 110112.

8101010 70. 842. 391.

8111100, 1001100011100, 80.

811100 140.

Β10001,06010110110, 1. 86010011.

81111101 78.
81 *

 

