489

155516. 1151115555, 221. 227. 229.

1155655395.

11155355 81.

115655 37. 49. 51. 306. 808334.
335. 337. 347.

Lipomani 25. 27. 135. 138. 139.

’ 1610115555188. 138. 219. 220. 238.

242. 243. 244. 246. 217248. 259.
274. 276. 281. 329. 333. 358. 354.
381. 332. 334. 386. 387. 395. 397.
898. 399471. 472.

1151556 130. 133. 134. 137. 213.
219. 268. 270. 329. 375.

1555651155, Vincentius 34.

1515555 (35115515) 69. 70. 33. 89.
103104.

1511515355, 55561551555, 5. 65155.

15555 158. 234.

1155155555 (Τ551555), 1551155 555
70.

Lucretia 5551555555 11. 50. 57.
58. 61. 62. 67. 74. 142.

Lucretia von Medici 03.

· Ludwig 1111, 1551355515551555151
11. 50. 61.

Ludwig 11, k6nig yon Ungarn 77.

Ludwig, landgraf 555 Η55555 337.

Ludwig VI, kurfflrst von 655 Ρ1515
230.-

Lukkau 63.

1555115555. Β51655. .

1555555 (Ρ15ι5551) 140.

1555555 (Wflrttemberg) 409.

1511155, 1511551551, 1551555555 4.
45. 93. 97. 132. 162. 173. 187.
197. 210. 216. 222. 287. 318. 319.-
321. ’ .

Lyon 172. 177. 395. 416. 420.

1156516 72. 404.

1156555515 139. 150. 151. 152. 257.

11511555 167.

Magdeburg 132.

11511556 67. 73. 78. 80. 92140.
232. 248. 268. 269. 289. 296. 302.
336. 408. 404. 405. 406. 411. 412.
413. 424. 469. 470. 471.

115155561395. ’

115155 129.

1615565555 399.

1155551155 82. 84. 456.

11555515155 274. 275. 276.

1155515555, 4115555147.

Mauriquez, 15555115, 17. 145. 146.
147. 148. 149. 152.155.156.157

’ 1155155 340. 555511555, 4. 2881

289. 293.
1155555 (95551155) 176. ·
11555551 395.

11553555115 555 11555555 (Augou-
15555) 5. .

11553555115 5551151515,15555315 , .

555 3555555 98. 206. 234.

115515, 11551315 555 Ungarn 77.
185.

115515 315551, 15551515 555 3511515-
1556206.

115515 15655, 11551315 555 11531556
53. 54. 58. 63. 77. 98. 102. 129.
452453. 455.

Μ5511155, Κ551 188. 189. 203. 204.
205. 206. 207. 208. 223.

115515165355 (85655) 166.

1155115,11555555155 341. 346. 390.
413. 423.

1155655535, 0515155 395.

⁴ Martinengo‚ Ulysses 391. 416. 439.

1155155, Peter Vermigli 2. 0. 11.
5ΜΜΜΜΜΜ»
300. 304. 327. 395. 453. 463. ¹

Mathild'e von Bayern 66. 67. 68. 73.

1155115555(176511551553)285. ge·
spraeh 555, 176.

11551551115511, kaiser 17. 27. 28.
29. 95. 96. 127. 145. 147. 159.
160. 161. 162. 163164165166.
167. 168. 173. 174175178. 179.
182. 183. 186. 195. 197213. 214.

 

