’ 144

Navarra 255.

Jonas 165.

11144127.

1411141182. 132. 179. 218. 243. 430.
437.

Italion 17. 21. 26. 41. 43. 46. 48.
49. 51. 55. 56. 59. 62. 67. 68.
69. 70. 71. 7276. 78. 80. 89.
9294101. 104. 105. 118. 115.
116. 117. 119. 120.121.124.125.
131. 141. 143. 146148149153.
157. 165. 167. 171172177. 178.
180. 186. 181. 199. 205. 207. 211.
222. 223, 230. 231. 237. 239. 245.
255. 258. 260. 262. 263. 265. 268.
269. 270. 272. 275. 283. 284. 235.
288. 289. 292. 293. 206. 303. 306.
309. 310. 312. 314. 318. 321. 322.
324. 329. 336. 340. 341. 342. 344.
347. 348. 352. 355. 361. 368. 373.
374. 376. 379. 380. 385. 395. 402.
407. 408. 435. 451. 455. 462. 463.
469.

Julius 111, papst 24. 47. 49. 54. 55.
56. 73. 78. 91. 175. 361. 453.
Julius, graf 1417111444, 4. 71114114.

Julius von Mailand 158. 463.

Justinopolis, 4.(141146141114.

lvrea (italien) 80.

111411 IV, kaiser von Russland 248.
270.

Κ4111411114 von 4114341141, 110111ςί1
von England 53. 54. 98.

1141141144 von Medici, 1101111111 von

Δ 111411111θὶ411 34. 106. 206255.
278. 284. 287. 292. 203. 295. 296.
304. 314. 317. 321. 325. 385. 348.
379. 420. 470.

Κ4111411114, 1161113111 von Polen 3.
26. 129. 130. 137. 138. 185.

1141141144, prinzessin von Polou
215. 227. 229. 234, 236. 258.

11411 V, kaiser 20. 53. 54. 66. 68.
69. 72. 76. 77. 78. 79. 81. 96. 98.

188. 404. 455. 456.

11411 IX, 1161113 von 7141114141
255. 271. 281. 309. 311323324.
335. 338. 333. 340. 3413143345.
347. 348. 349, 412. 413. 414. 419.
420. 421. 431. 434.

11411, 4141113141 von 840411 315.

11411, 4111141143 von 0414114141435.
436.

11411214114111141, herzog 141184-
14141329341.

Κ41141, 1114411411 Spanien 289.

Keller zu Tfibingen, 4. Riepp.

Kompten (Bayern) 21. 22. 83. 110.

11411141 218. -

Killigrew, Η41111141130. 100132.

1141111111 (1111444143) 111.

Κ14341111111(Κ4111111411) 175. 419.

Klein-Polou 161.

K6nigsber'g 26. 32. 43. 130131.
136. 138. 169. 218. 220374, 377.
381. 384. 385. 386. 387. 388.

Κ14111, Κ4111111411, 814141114111 21.

83. 88. 109. 111. 167. 169. 178. ³

396. 397. 419. 435. 477. 478.
Κ1411411 164. 199. 219. 232.

iuri, Franz 111. 444. 441114. ¹

472. 476.

1141114411 (Κ14111)83. 175. 182. 388.
396. 397. 402. 425. 435.

11411144 292.

hindolf, Delphinus 326.

1141181141, Hubert 34. 45. 287.
114444, 1111141111 von. 129. 130. 154.
160168. 168. 173. 181. 219.

Lasso, Ρ41111495. 96. 97.

1141111411 (11011141434131 ll. 83.

Lauingen (Bayern) 166. 203. 204.
207. 223. 247.

[1444411114 10. 158. 431.

Leipzig 110. 382. 383.

11401414 von 8411414 50. 57. 61.
74. 154.

· 112. 126. 185. 186139140181. 1141411141413.

 

