8166111111 128. 129. 149. 160. 166.
178. 365. 367. 368. 370. 378. 384.
396. 1616166168 von 1557 140.
von 1558 160161. 163. 16660
von, 31. 214. reiohsteg von 1562
360. 361. 362. 363. 365. 367. 405.

8161111611 610. 136.

8166116161 29. 33. 34. 3536. 37.
40. 43. 47. 50. 51. 52. 66. 67.
68. 72. 85. 105. 150. 151. 172. 173.

177. 203. 205. 206. 207. 223. 258. ’

259. 260. 262. 263. 265. 267. 268.

, 270. 272. 273. 276. 277. 278. 279.
280. 281. 283. 285. 286. 290. 291.
292. 293. 294. 295. 296. 297. 298.
300. 302. 304. 306. 308. 309. 310.
311. 313. 314. 315. 317. 319.
320. 323. 324. 325. 326. 327. 328.
329. 330. 335. 338. 339. 340. 343.
348. 352. 361. 375. 376. 378. 379.
380. 383. 384. 385. 399. 401. 403.
404. 410. 416. 417. 424. 434. 460.
469. 470.

1116661,166131662166111616115.158.

Franz II, kenig von Frankreieh
33206. 254. 255.

81666166 Urbino 50.

8166111, 1161116 452.

Freiburg 91.

1111161170.

Friedrich der weise‚ 1111116161 1611
8661166112.

Friedrich ΙΙ, kenig voh 1166661611
220. ·

9116611611 11, 1111116161 von 661 Ρ1616
96.

Friedrich ΙΙΙ, 16116111 von der
Pfalz 50. 215. 229. 231. 234. 236.
mmmmm ’

Frobe, Leonhard 236. 237. 452.

Fiirstenberg 133. ·

86611, 1611661166 131. 134.

(1661116, Paul 323.

(16616106.

Galen, Heinrich von, 133.

6ΜΜΜΨΜΜΜ

(iambe, 8166616666 69. ¹
Gangolf 175. 230. 233. 235. 236. ³

mmmm ¹
Gap (1166611164) 140. ’
(1611111166, Matthias 210.
(16016616, Μ61611161282.

(1161663666, 216 Grae, 1. (riardo.

Gens 28. 70. 140. 177. 205. 207.
223. 232. 285. 326. 329. 330. 372.
432. 469.

(1661116, 76166116 282. 372.

Genua 32. 1

(16613, marhgraf von Brandenburg- 1

46166611 403. 1

(16111616, herzog von Kurland 217.

(116611, Hans 102.

thpingen (Wiirthemberg) 21. 29.
32. 34. 75. 76. 80. 84. 88. 90. 91.
95. 99. 102. 140. 141. 142. 182.
183. 283. 289. 299. 301351. 357.

(16116 213. 435.

(16111636, 1161616666 76. ,78. 107.
108. Franz, markgref von 1166-
1116 78. wilhelm, herzog von
11166166. 107. 108. Η6166161166,
cardinal von Mantua 7. 216. 256.
270. 275. 2881294. 296. 340. 381.
382. 16116147.

(161116 24.

(116161, Uesper 48. 58. 63.

(1166661111 77. 78. 81.

(1166566666, 31166116 8. 9. 10. 12.
13. 18. 36. 37. 40. 47. 48. 49.
50. 52. 54. 55. 59. 60. 70139.
142. 143. 268. 269281. 296298.
302. 303. 306. 307. 308. 309. 310.
311. 312. 313. 314. 315. 316. 320.
322. 323. 324. 325. 326. 327. 323.

’ 329. 330. 334. 335. 337. 338. 339.

- 340. 341. 342. 343. 344. 345. 347.

, 348. 349. 351. 353. 362. 363. 371.

396. 399. 401. 403. 404405. 407.
408. 410. 412. 413. 414. 415. 416.

 

