493

Siiiich, Marcus, 800. 818. 478.
81010011, 00001407. ,
Skumin, Friedrich 226.

Slaveu, alaviache bibelllberaelzuug
76. 79. 80. 88. 88. 90. 91. 82.
83100. 101. 106. 108. 110111.

’ 112. 113. 188142. 167. 178184.
211. 212.

81000οί00 212. =

· Sleidan 20. 09. 70. 71. 81. 95. 88.
106. 144. 145. 288. 288316. 317.

8001οο, helio 11. 26.

80110000, nullan 51. 171. 458.

Solothurn 38. 328. 886. 338. 840.
347. 400. 484.

8000010 (7011110) 38. 390.

80000000 882.

8000, Petrus de 112. 113. 117.118.
121. 124. 149. 150. 152, 199.

Spalalin 2.

Spanieu 97. 105. 177. 205. 810. 320.
836. 380. 413. 415, 416. 456. 469.
470. 471.

Speier 123. 127.

Spina, lhanaeaco 7. 8. 89. 118.
172. 174176. 181.

Staphylus, Friedrich 131. 168178.

8101000001( 23. 109. 110. 111.

Steinhilban (Wurllemberg) 241.

Stella, Franciscua 218. 214.

salamanna

Strassurg 20. 30. 38. 51. 69. 8095.
96. 87. 98. 106. 111. 116. 135.
188. 210. 264. 265. 266. 267. 268.
274. 275. Ι276. 284. 312. 819. 384.
395. 396. 400. 401. 425. 427. 451.
452. 458. 462. 464.

aaroni, Pelet 70. 106.

800001, Philipp 76. Philipp der
jungere 106.

Sturm, Jchann 264.

stuttgart 19. 26. 37. 65. 6871. 75.
83. 99. 100. 113128. 128. 134.
146. 147. 148. 149. 152186. 200.

216. 242. 243. 246. 248. 252. 256.
257. 267. 273. 274. 275276. 290.
302. 305. 307. 812. 828341. 344.
851. 852. 358. 365. 866. 368. 869.
873. 374. 875. 876. 885. 386. 898.
384. 399. 402. 415. 427. 429. 437.
488. 441. 460.
Sylvius, Bartholomius, 82. 86.

syntagma acaricum 12. 46. 49. 50.
59. 94.

Tarnow 24.

Terracina (Italian) 89.

l'hangel, Lakaa 142. 215.

Thaupulua, Stephan 48. 85. 88.

8101000, Julius, graf ven, 17. 116.
118. 119. 120. 121.122.124.125.
1830 139. 141. 143144188207.
209. 228. 224. 265. 266. 207. 275.
276. 311. 812. 318. 314. 315318.

Thionville 70.

Timotheus 26. 127. 128. 184.

Teleda, Frena vcn, 77.

Tomicki 24.

Tremellio, Emmanuel 266. 451. 452.
453.

11000000 361.

lhevisano, narentanorum. 86.

Tridentinum, 0. 111001.

Triari 139. 324. 326. 340. cardinal
von, 0. Madruccio. concil von,
tridentinum 7. 14. 15. 18. 25. 34.
35. 36. 47. 50. 82. 112. 140141.
169.Ι 170. 171. 172. 199. 216. 255.
256. 257. 258. 259. 261. 262. 263.
264. 265. 269. 270. 275. 287. 288.
280. 291. 293. 286. 288. 803. 308.
315. 316. 317. 318. 318. 321. 824.
334. 386. 337. 340. 343. 856. 359.
361. 882. 885. 896. 404. 406. 407.
408. 465. ’

aient 89. 83. 418. 435. 436.

Tripoli 231.

101001οἱ0, Alexander von, 439. 840.

'liuban Primus 21. 22. 28. 24. 89.
83. 92. 83. 98. 100. 104108110.

 

