26

1515111553151511555155 ond dio 1515155115515 555115555, 551155
5555 (115 55111551151151 15 Ρο155 15135155155 1555 35155555; 55555
1551 11511511558551555 15511111555513 555 dorthin 3511555555ι
555 1555 waren in 51515551555511515551111151151151, (1555 515 15
Ρ1551ο5 5155 31111515 151551515155351115511555155.1

k 15 (11555 55153553, wo 51155 5555 im 11555151, (15155 ,1511551
555 5553553 5151555515155555555 1155515, 3115151351 55555155
555·555151555(1515; 55155 55155155555511 1151 5551 55555 15535
(151·1515 35555151 555 5155555515 5555 (1511 etwas 555151155155; 55-
(1515155115 1155515 5155 155 515 5111135155 353551 (155 3555115555 und

gloubto, 55155 5555555555 werde 151 5551511553 (15155551115555 ,

5551115555 ond 1515515555553 (15151551115555 115155 5551 55111155
5515. 151151551 55111111, (115 555 5515551535 5551 1511 515555151,
55551151351 (115 anknopfung⁸ mit dem potnisohon 1535515555555
55. 1555 551151551555511155555151151555 51555 (15115515 3555555
(o. s. 3), 151 1553 1151515555 11551315 3511515555 151351 5555511151
, 555 (115 1111155115 55555, for 151 35151115555 wohl 5555131 551515
51115555 und widmet 51555151511553151 1151115155555 ubersetzung
(15115111555513155555 confession (1515 1155135, 15 (1515515551515555
5551551, (115 55355 (155 1555515555 5515155 15 115555 und ihm 55155
(1155515 5515515155. Es 151555 555155515555151155, (1511 5155 515-
1511553 55151351 51151315, 551553 1556 ‘3 15315155 551 511511 (1551

1

1

t

Ι 551153 51515551 155 Ρ1551155 15 1515155553 35115155, 515 15515- 1

155351511511555551 (s. sixt. 5. 531 515 593 vom 0511556 515 Febr. 1
1563) 151 (115 115551 (15155 genesen. 115151 dem 3515115 (155 5155111-
55555 5511151115Τ151515555151515 518 1551 155 stuttgart 55. 11551

11111555513, wo 51 5111Μ5155551555 155555555551, 35155315 51
5555 51551 15155 15534153511 201511 11555 5551355513 (bn, 45),

115555115551 551355555555 von 55115351515551; 5155 551151551553, ,

15 55155 (1155515 15115155, 155515 515515551555555; 5515 55151 551,

1511151155 zu 1111155555 (155 15115535 51 5555511511111115155513. ἒ

Ηο555111551 151 51, 515 553551 1556 111551555115511111, der 55555
11

l S. 11555551, (1153151551551155555 Antitrinitorior II, 155.

2 S. Κ551551115. 143 ff.

311515 briefwoohsol 5555 151 (1155 (115 erere ankntipfung.

4115355 Gindely I, 402. Bei (1513151155 111555, (115 (151 51151-
5555551 55151111, 155 November 1555 515 Μ51 1556 5515 51151, 151 (155
35555515 51551 555515151555.

 

