485

0011018 175. 0118101111 10. 13. 30. 3152. 5354. 56.

00111110, Zacharias 36. 261. 264. 265. 58. 68. 76. 77. 78. 79. 91. 9293.
270. 271. 272. 237. 289. 291. 293. 94. 95. 97. 98. 101. 102100129.
385. · 187. 188. 189. 194. 195. 196. 200.

Derandingcn (Whritsmharg) 83. 202. 203. 207. 209. 210. 230. 233.

01011105. Veii 21. 83. 284. 296. 297. 298. 304. 312. 357.

01011105010111,8181011011,5010111011 375. 380. 395. 451. 452. 453.
176. 179. 0181111101, 1011110501011181100-

011501, 51105001 304. 51118 72.

0111118011 (0010111) 94. 112. Erasmus 211.

0111, Hans 102. arsura (011011) 32 congress von

001111110101404. 1561 141. 261.

0011010, 0101000οο 48. Ermland 199. ,

1)οή0,111111100062, Este 153. Hippolyb von, 5. 67.

00101500 Susanna, von 8005001 292· 294· 297· 300. 302. 303. 304.
(Psalz) 215. 307. 320. 321. 322. 323.

0011101218. 010101, 110100101011, 54.

Draga 51. 62. 00511 a. 1111111011. .

Drcux, 00510051501 54. 383, Fabricius, 1050111100 323. 325. 326.

01150018, Anna 33. 327· 344. 412.

Dumoulin (Molinaeus) 49, 51, 63, 00101 28. 139. 140. 151. 283. 284.
231. 235. 236. 285. 291.

Eberhard, princ von 0101110015οτ8 00180018050010) 118.

50, 61. 109. 111, 151. 241. 243, 00111000,01101105011081011001-
252. 259. 111047.

Εο11,10110111101 216, 154, 001151105100010110105)334335424.

01100111 111, 1161118 von 0118101111 54. Felicio 92.

0011010 VI, 1151118 von England Fardinand Ι, kaiser 3. 23. 29. 48.
10. 30. 50. 5253. 58. 210. 284. 81. 82. 84. 91. 92. 93. 95. 96.
453. 99. 100. 104. 109. 118. 128136.

0501101111, dr 91. 93. 94. 452. 138. 140. 154156163165166.

011101050580551151105, 8050115005 170. 171. 175. 176. 178. 181. 185.
(Whrbicmbcrg) 62. 72. 74. 250. 187. 191. 213. 219. 220. 245. 246.
252. 362. 363. 436. 269. 281. 288. 296. 316. 317. 825.

Eiscnmann, Jchanncs, 2οζ 181. 334. 339. 349. 355. 356. 360. 385.

0101111801, 001150101, 123. 356. 359. 388. 396. 397. 424. 435. 455. 456.

Elisabeth, 1101118111 von England 474.

3031. 98. 184. 187. 188. 189. 0011010 54. 56. 58. 71130140.
190. 191. 192.193.194.195.196. 142. 158. cardinal von, s. 0010.
198. 200. 202. 203. 204. 210. 213. 11100100, Μο115100 Illyricas 132.
214. 233. 302. Flaminio 2.

0110115015,5011081110118005001150. 0101160111 77. 78. 98.

01000 36. 01010111 70. 77. 330.

011150, Ηο501101110(00010110105)834. 0011011051000 348. 0111111011, 47.
335. 337. 001001, 5111011182.

 

